[1.0, 0.34528404, 0.5]
[1.0, 0.20628792, 0.5]
[1.0, 0.42691672, 0.5]
[1.0, 0.1555433, 0.25]
[1.0, 0.59238833, 0.75]
[1.0, 0.31246552, 0.75]
[1.0, 0.18808605, 0.5]
[1.0, 0.15857695, 0.5]
[1.0, 0.145615, 0.5]
[1.0, 0.1770546, 0.5]
[1.0, 0.30005515, 0.75]
[1.0, 0.31660232, 0.5]
[1.0, 0.28626585, 0.5]
[1.0, 1.0, 1.0]
[1.0, 0.114726976, 0.5]
[1.0, 0.39933813, 0.75]
[1.0, 0.12906784, 0.25]
[1.0, 0.10590182, 0.5]
[1.0, 0.484556, 0.75]
[1.0, 0.60093766, 0.75]
[1.0, 0.2523442, 0.5]
[1.0, 0.2857143, 0.25]
[1.0, 0.20739107, 0.5]
[1.0, 0.30612245, 0.75]
[1.0, 0.8378378, 0.5]
[1.0, 0.06839493, 0.5]
[1.0, 0.16712631, 0.5]
[1.0, 0.46166575, 0.5]
[1.0, 0.3717595, 0.5]
[1.0, 0.49227798, 0.5]
[1.0, 0.27220076, 0.25]
[1.0, 0.040816326, 0.0]
[1.0, 0.32763377, 0.75]
[1.0, 0.630171, 0.5]
[1.0, 0.26447877, 0.75]
[1.0, 0.1613348, 0.5]
[1.0, 0.10672918, 0.5]
[1.0, 0.35300606, 0.75]
[1.0, 0.9274683, 0.75]
[1.0, 0.36127964, 0.75]
[1.0, 0.22393823, 0.25]
[1.0, 0.38223937, 0.5]
[1.0, 0.47297296, 0.75]
[1.0, 0.09597352, 0.5]
[1.0, 0.0, 0.25]
[1.0, 0.27578598, 0.75]
[1.0, 0.096800886, 0.5]